s0	s1	s2	s3	s4	s5	s6	s7	s8	s9	s10	s11	s12	s13	s14	s15	s16	s17	s18	s19	s20	s21	s22	s23	s24	s25	s26	s27	s28	s29	s30	s31	s32	s33	s34	s35	s36	s37	s38	s39	time
125.445	119.9409	113.7375	131.255	123.2879	117.0097	121.5763	126.814	116.4624	122.6822	118.3375	118.3586	123.6931	124.9901	111.8934	114.7456	112.0054	113.9294	116.5753	115.8357	116.6587	123.2095	112.7912	117.7812	113.5869	117.6395	109.5792	113.2827	113.8072	113.284	114.2636	112.6399	112.5921	109.0655	118.4184	106.4688	113.8391	112.9273	112.8741	113.333	0.0153141021729
125.445	120.0575	113.6854	131.255	123.3403	117.0097	121.5763	126.761	116.5769	122.792	118.3884	118.3586	123.8119	124.9901	112.1377	114.8617	112.1209	113.8216	116.7642	115.8357	116.7113	123.2095	112.7912	117.7812	113.5317	117.5246	109.5346	113.399	113.9829	113.1722	114.2636	112.5889	112.7061	108.7991	118.3715	106.4688	113.8841	113.0316	113.1125	113.333	0.0282170772552
125.2143	119.9409	113.7375	131.255	123.1212	116.8973	121.5074	126.9334	116.5769	122.8581	118.3884	118.3105	124.0494	124.9901	111.96	114.9161	111.9603	113.8216	116.6446	115.7225	116.6587	123.2662	112.8535	117.7812	113.5317	117.4715	109.4208	113.4432	113.6934	113.187	114.2138	112.4709	112.6623	108.9455	118.3715	106.4688	113.8841	112.9273	112.9933	113.333	0.0420520305634
125.2143	120.0575	113.7375	131.316	123.2354	117.0097	121.5074	126.761	116.3525	122.7371	118.5036	118.4067	123.6432	124.9901	111.8934	114.8617	112.0757	113.8755	116.6949	115.8357	116.6587	123.4906	112.905	117.7232	113.5317	117.5246	109.4654	113.399	113.9209	113.1238	114.2138	112.4709	112.4346	108.8479	118.3715	106.4688	113.7685	112.9273	112.9933	113.333	0.0563781261444
125.276	119.9409	113.6854	131.255	123.1736	117.0576	121.5074	126.9334	116.5769	122.7371	118.3884	118.2917	124.0494	124.9274	112.1377	114.7456	112.0757	113.8216	116.6446	115.8825	116.7113	123.2095	112.905	117.6052	113.5317	117.5246	109.4654	113.399	114.0347	113.187	114.3758	112.3529	112.6623	109.0167	118.3715	106.4262	113.8841	113.1089	113.1125	113.2804	0.0699760913849
125.3912	120.1053	113.8551	131.4331	123.1212	117.0576	121.5074	126.814	116.348	122.8581	118.3884	118.2436	124.0494	124.9901	112.0155	114.9161	112.0305	113.8216	116.5943	115.7888	116.6587	123.2095	112.905	117.8393	113.4118	117.4715	109.693	113.5154	113.9209	113.284	114.3134	112.3529	112.4346	109.1855	118.3715	106.4262	113.8391	112.9273	112.941	113.3922	0.0844931602478
125.445	119.9409	113.6854	131.4331	123.1736	117.0097	121.5553	126.9334	116.4074	122.8581	118.3884	118.2436	123.8807	124.9901	112.0822	114.8617	111.9603	113.7029	116.7138	115.8825	116.6587	123.1529	112.9564	117.7812	113.5869	117.4715	109.5792	113.4432	114.0347	113.1722	114.2138	112.302	112.5484	108.8255	118.4184	106.4262	113.7685	112.9273	113.1125	113.3922	0.0972650051117
125.4988	120.0096	113.6854	131.255	123.1736	117.0097	121.6721	126.9334	116.3525	122.792	118.4527	118.4067	124.0494	124.9901	111.96	114.8617	111.9603	113.8216	116.5753	115.8357	116.6587	123.2095	112.905	117.9574	113.5317	117.5246	109.693	113.2827	113.8072	113.2355	114.2636	112.4709	112.7762	108.8967	118.3715	106.4688	113.8841	112.6414	112.941	113.2804	0.112014055252
125.2143	119.9409	113.6854	131.4331	123.2354	117.0097	121.5553	127.0395	116.5769	122.8581	118.3884	118.2917	123.9306	124.9274	112.1377	114.9161	112.0757	113.9294	116.8145	115.8357	116.7755	123.4339	112.905	117.7212	113.5317	117.6395	109.5346	113.2827	113.9209	113.1722	114.2636	112.5219	112.5921	109.1855	118.3246	106.4688	113.8391	112.7583	113.1125	113.2279	0.125486135483
125.4988	119.9409	113.9206	131.316	123.1736	117.0576	121.6242	127.0529	116.5218	122.8581	118.2867	118.4067	123.9306	124.9901	112.0155	114.9161	112.1209	113.9294	116.6949	115.8357	116.6061	123.4339	112.7912	117.6052	113.4118	117.4715	109.51	113.3268	113.9829	113.284	114.2636	112.42	112.5484	108.9455	118.2021	106.4688	113.7685	112.9273	113.0601	113.333	0.138746023178
125.445	119.9887	113.7375	131.372	123.226	117.0576	121.789	126.8804	116.4074	122.7371	118.5036	118.3586	123.9994	124.9901	111.9488	114.8617	112.1209	113.9943	116.5753	115.8357	116.6587	123.2095	112.9564	117.7812	113.5317	117.6395	109.51	113.4432	114.0347	113.284	114.2636	112.5889	112.5484	108.9455	118.4184	106.4688	113.8841	112.9273	112.9933	113.2804	0.152537107468
125.2143	119.9409	113.803	131.3771	123.1736	116.9452	121.4595	126.761	116.5218	122.4951	118.3884	118.2917	124.0494	124.9901	112.1377	114.8617	112.0305	113.9403	116.7452	115.8825	116.7755	123.4339	112.905	117.5472	113.5317	117.5246	109.5792	113.3268	114.0865	113.284	114.2138	112.6399	112.6623	108.8967	118.3715	106.5812	113.8841	112.9273	113.0601	113.2804	0.167303085327
125.445	119.9409	113.6854	131.372	123.0592	117.0576	121.5074	126.9334	116.293	122.6161	118.5036	118.3586	123.8119	124.9901	112.1377	115.1411	112.0757	114.0482	116.6949	115.9489	116.6587	123.0408	112.905	117.7232	113.5317	117.5778	109.4654	113.5596	114.0865	113.0753	114.4257	112.5219	112.6623	109.0655	118.3715	106.4688	113.8841	112.8752	113.1648	113.333	0.17945599556
125.3297	119.8931	113.8551	131.255	123.0592	117.0097	121.741	126.9865	116.4074	122.6161	118.3884	118.3586	123.9806	124.8646	112.0155	114.8617	112.0757	113.9294	116.8145	115.9489	116.6587	123.3217	112.7912	117.8993	113.5317	117.6395	109.5792	113.399	113.9727	113.284	114.2138	112.302	112.5921	109.0655	118.3715	106.5812	113.7685	112.9794	113.0601	113.333	0.194193124771
125.3834	119.8931	113.803	131.1939	123.0592	117.0576	121.6721	126.814	116.348	122.7371	118.3884	118.3105	124.0494	124.9901	112.1377	114.7456	112.0054	113.8755	116.6446	115.8357	116.7755	123.3784	112.905	117.9574	113.5317	117.5246	109.5346	113.5154	113.8072	113.284	114.2138	112.5889	112.7061	109.0167	118.3715	106.5812	113.8841	112.9273	113.0601	113.4448	0.208703041077
125.2143	119.9409	113.9206	131.1379	123.0592	117.0097	121.4595	126.9865	116.5218	122.7371	118.5036	118.4067	124.0494	124.9901	112.071	114.9161	112.2363	113.8755	116.5753	115.8357	116.6587	123.0974	112.905	117.7812	113.467	117.5246	109.5792	113.399	113.9829	113.2206	114.2636	112.538	112.7061	109.0167	118.3715	106.5812	113.7685	112.8752	112.9933	113.4448	0.221562147141
125.268	119.9409	113.7375	131.1989	123.226	117.17	121.5074	126.9865	116.3525	122.7371	118.2731	118.4067	124.0494	124.9901	112.0155	115.0322	112.0757	113.9403	116.7138	115.8357	116.6587	123.2095	112.905	117.8412	113.5317	117.5778	109.4208	113.4432	114.0347	113.3957	114.3134	112.5219	112.7061	109.0655	118.3246	106.5812	113.8841	112.8752	113.1125	113.333	0.235424995422
125.2143	119.9409	113.8551	131.4331	123.1736	117.0097	121.741	126.9865	116.293	122.7371	118.5036	118.4067	123.9994	124.9274	111.8934	114.8617	112.0757	113.8216	116.7138	115.8357	116.6587	123.2095	112.905	117.9574	113.5317	117.5778	109.4654	113.6038	114.0347	113.1238	114.2636	112.4709	112.7061	108.9455	118.3715	106.4688	113.8841	112.9794	113.1125	113.4448	0.248934984207
125.3912	119.9409	113.6854	131.316	123.1736	117.0097	121.741	126.9865	116.4074	122.6161	118.4392	118.3586	124.0494	124.9274	112.1377	115.0322	112.0305	113.8755	116.7642	115.9489	116.7755	123.5474	112.7912	117.9574	113.5317	117.5246	109.4654	113.399	113.9727	113.3957	114.2636	112.3529	112.7762	109.0655	118.3715	106.4688	113.8841	112.8752	113.2316	113.2804	0.263396978378
125.3297	119.9409	113.6854	131.316	123.0688	117.17	121.6721	126.9865	116.4624	122.7371	118.4527	118.4067	124.0494	125.0529	112.1377	114.9161	112.1209	113.9403	116.8649	115.9489	116.6587	123.4339	112.905	117.8412	113.4118	117.5863	109.6483	113.399	114.0347	113.284	114.3758	112.4709	112.5047	108.8255	118.3246	106.4688	113.8841	112.8752	113.1648	113.4448	0.277037143707
125.445	120.0575	113.7375	131.4331	123.1736	117.0576	121.5553	127.0395	116.5769	122.6161	118.5036	118.2436	123.9994	124.9274	111.8379	114.8	112.1209	113.8755	116.8145	115.902	116.6587	123.4339	112.7912	117.8993	113.5317	117.5778	109.5792	113.3268	113.8072	113.1238	114.3134	112.42	112.4346	109.0655	118.3715	106.4688	113.8841	113.0316	113.1125	113.4448	0.290424108505
125.4988	119.9409	113.7375	131.1379	123.0592	117.0576	121.5553	127.2786	116.3525	122.7371	118.5036	118.4736	124.0494	124.9901	112.1377	114.8617	112.1459	113.9943	116.8145	115.9489	116.7755	123.4906	112.905	117.8993	113.5317	117.4715	109.4654	113.3268	114.0347	113.3324	114.2636	112.4709	112.7061	109.0655	118.3715	106.4688	113.8841	112.9794	113.1648	113.4448	0.304605960846
125.5603	119.9409	113.6854	131.316	123.1736	117.0576	121.6721	127.2255	116.4668	122.7371	118.5036	118.4067	124.0494	124.9901	112.0155	114.9161	112.0054	113.8216	116.8649	116.062	116.8282	123.4339	112.905	117.8993	113.5317	117.5778	109.4654	113.5154	114.0347	113.2206	114.2636	112.538	112.6186	109.0167	118.3715	106.4688	113.8841	112.9273	112.9933	113.333	0.31830406189
125.4371	120.0575	113.9206	131.1989	123.1116	117.122	121.5074	126.9865	116.4624	122.6161	118.5036	118.4067	124.0494	124.9901	112.0155	114.8617	112.1911	113.8216	116.7642	115.9957	116.7113	123.3217	112.905	117.8993	113.4118	117.6395	109.51	113.5596	113.8072	113.4442	114.2138	112.4709	112.5921	108.9455	118.3715	106.4688	113.929	112.8752	112.941	113.333	0.331832170486
125.6141	120.0575	113.803	131.255	123.0592	117.0576	121.6242	127.106	116.5218	122.6161	118.5036	118.4254	123.9994	124.9901	111.96	114.9777	112.1209	113.9943	116.6949	115.9489	116.7755	123.2662	112.905	117.8993	113.5869	117.6927	109.5792	113.5596	114.0865	113.3957	114.2138	112.302	112.5921	109.0167	118.4184	106.4688	113.9996	112.8752	113.0601	113.333	0.345530033112
125.6141	120.0575	113.803	131.1989	123.2784	116.9452	121.5074	126.9865	116.4624	122.6161	118.5036	118.5218	123.9994	124.9901	112.1377	114.8617	112.0757	113.9403	116.7642	115.9489	116.6587	123.3771	112.9564	117.7812	113.5317	117.5246	109.6238	113.4432	113.9209	113.187	114.2138	112.4709	112.6623	109.0167	118.3715	106.4688	113.8841	112.7455	113.1125	113.333	0.359549999237
125.445	119.9887	113.803	131.1379	123.2879	117.0097	121.5074	126.9334	116.5218	122.6161	118.5036	118.4067	123.9994	124.9274	112.1377	114.8072	112.0757	114.0482	116.6949	115.7888	116.7113	123.3217	112.905	117.9574	113.5317	117.5246	109.4654	113.4432	114.0865	113.3957	114.2636	112.42	112.4346	109.0655	118.4471	106.5812	113.8841	112.8752	113.1648	113.5566	0.373862981796
125.445	120.0575	113.6854	131.316	123.1212	117.0576	121.8578	126.8804	116.4668	122.6161	118.5036	118.2917	124.0494	124.9901	112.1377	115.0322	112.1209	113.9403	116.6949	115.9489	116.8282	123.4339	112.905	117.9574	113.5317	117.5246	109.4654	113.6038	113.7451	113.2355	114.3758	112.42	112.4782	108.9455	118.3715	106.4688	113.8841	112.8752	113.0601	113.4448	0.387658119202
125.5603	119.9409	113.6854	131.255	123.226	117.0097	121.5074	126.9334	116.5769	122.6161	118.5036	118.3105	123.9994	124.9274	112.0822	114.8617	111.9603	113.8755	116.7642	115.9489	116.7113	123.3217	112.905	117.8393	113.4118	117.6927	109.693	113.399	113.8589	113.2355	114.3134	112.4709	112.5921	108.8967	118.2958	106.4688	113.929	112.8752	113.0601	113.4448	0.401260137558
125.6141	119.9409	113.803	131.255	123.1736	117.0576	121.6242	126.9334	116.4624	122.8581	118.3884	118.3586	124.0494	124.9901	112.1377	114.9161	112.0757	113.9943	116.6446	115.9489	116.6587	123.4339	112.905	117.8412	113.5317	117.6395	109.5792	113.399	114.0865	113.3324	114.2138	112.5219	112.6623	108.8967	118.3715	106.4688	113.7685	112.6414	113.0601	113.4448	0.414976119995
125.445	120.0575	113.8551	131.372	123.1116	117.0097	121.6242	126.9334	116.4624	122.7371	118.5036	118.3105	124.0494	124.9901	111.8934	114.8617	112.1209	113.9294	116.7642	115.9957	116.5418	123.2095	112.905	117.8993	113.5317	117.5863	109.4208	113.5154	114.0865	113.284	114.2636	112.4709	112.6186	108.9455	118.3246	106.4688	113.8841	112.6414	113.1125	113.333	0.428295135498
125.4988	120.1053	113.803	131.255	123.0592	117.0576	121.6242	126.9334	116.5218	122.7371	118.6188	118.2917	123.9306	124.9901	111.96	114.9161	112.0757	113.9403	116.9846	115.9489	116.8282	123.4339	112.905	117.8993	113.5317	117.6309	109.4654	113.3268	113.8589	113.3472	114.2636	112.538	112.5484	109.0877	118.3246	106.5812	113.8841	112.8752	113.1648	113.3922	0.442142009735
125.3297	120.1053	113.8551	131.372	123.1736	117.0097	121.5074	126.867	116.4624	122.6161	118.5036	118.2917	124.0494	124.9901	111.8934	114.8617	112.1911	113.9943	116.8145	115.9489	116.6587	123.4339	113.0188	117.7812	113.5317	117.6395	109.6238	113.6317	113.8072	113.2355	114.2636	112.4709	112.7762	109.0655	118.3715	106.4688	113.8841	112.8752	113.1648	113.4448	0.4559071064
125.3297	119.9409	113.6854	131.255	123.2879	117.0097	121.6721	126.9865	116.4624	122.6709	118.5036	118.4736	124.0494	124.9274	111.8934	115.0322	112.0757	113.9403	116.8649	115.9489	116.8282	123.4339	112.905	117.8993	113.4765	117.5246	109.7377	113.5596	113.9209	113.0753	114.2636	112.42	112.6359	108.9455	118.3715	106.4688	113.8841	112.9794	113.1648	113.333	0.469491004944
125.4371	119.9409	113.9206	131.1989	123.1736	117.1055	121.8578	126.9334	116.5769	122.7371	118.3884	118.3586	124.0494	124.9901	111.8934	114.8617	112.2363	113.9943	116.7642	115.9489	116.6587	123.2095	112.905	117.8993	113.4118	117.4715	109.693	113.4432	113.8072	113.284	114.2636	112.5889	112.3909	109.1855	118.3715	106.4688	113.9996	112.9273	113.0601	113.333	0.483829021454
125.276	120.0575	113.7375	131.372	123.1736	117.0576	121.5074	127.2786	116.4074	122.7371	118.3884	118.2917	124.0494	124.9274	112.071	114.9705	112.1209	114.113	116.7642	115.902	116.6587	123.4906	112.905	117.9574	113.4118	117.7545	109.8068	113.5596	113.8072	113.2987	114.3134	112.5889	112.5921	108.9678	118.4184	106.4688	113.8841	112.9794	113.1125	113.4448	0.49703001976
125.6141	120.0575	113.803	131.4942	123.1736	117.17	121.5074	126.9334	116.5769	122.7371	118.3884	118.1955	124.0494	124.9901	112.0822	114.8617	112.1911	113.9403	116.7642	115.9957	116.7755	123.2095	112.7912	117.8993	113.4118	117.6395	109.5792	113.5596	113.8589	113.1722	114.326	112.3529	112.7061	109.0167	118.3715	106.5812	113.8841	112.8752	113.0077	113.5566	0.510980129242
125.7295	120.0575	113.9206	131.316	123.1212	117.0576	121.5074	127.106	116.5769	122.8581	118.5036	118.3586	123.9994	124.9901	112.071	114.8544	112.1911	113.9403	116.6446	115.9489	116.6587	123.2662	112.905	117.8993	113.5317	117.7459	109.4208	113.5154	114.0347	113.3957	114.2138	112.4709	112.9339	108.8255	118.3715	106.4688	113.9996	112.8625	113.1648	113.5566	0.524542093277
125.4988	119.9409	113.8551	131.372	123.1212	117.0097	121.6242	126.9865	116.4668	122.6709	118.3884	118.3586	124.0494	124.9274	112.1377	114.8617	112.0757	113.9943	116.8145	115.9489	116.6587	123.4339	112.905	117.9574	113.5317	117.6395	109.51	113.399	113.8072	113.1238	114.3758	112.5889	112.82	109.0655	118.3715	106.5812	113.8841	113.0316	113.1125	113.4448	0.53914809227
125.445	120.0575	113.6854	131.255	123.1212	117.1055	121.5074	126.9865	116.4624	122.7371	118.5036	118.3586	124.0494	124.9901	112.1377	114.9161	112.1209	114.059	116.8649	115.9957	116.6587	123.1529	112.905	117.8993	113.5869	117.6395	109.5792	113.399	114.0347	113.284	114.488	112.487	112.6623	108.8967	118.3246	106.5812	113.8841	112.8752	113.0601	113.4448	0.552206039429
125.5603	120.174	113.6854	131.372	123.2784	117.0097	121.741	126.9334	116.4074	122.8581	118.5036	118.3586	123.9994	124.9901	112.1377	114.8617	112.2363	114.0482	116.6446	115.8357	116.6587	123.4906	112.905	117.8393	113.5317	117.8077	109.4654	113.5154	113.9209	113.2355	114.2138	112.5889	112.5921	109.0655	118.3715	106.5812	113.8841	112.6935	113.1125	113.4448	0.566097974777
125.3834	120.0575	113.803	131.316	123.2879	117.0576	121.6721	126.9334	116.5769	122.8581	118.5036	118.4067	124.0494	124.9274	112.1377	114.8617	112.1911	113.9943	116.7642	115.9489	116.6587	123.4339	112.905	117.9574	113.5317	117.8077	109.5346	113.4432	114.0347	113.3472	114.326	112.538	112.6623	109.1855	118.3715	106.4688	113.8841	112.9273	113.1125	113.4448	0.579988002777
125.445	119.8244	113.803	131.372	123.1736	117.0097	121.6242	126.9334	116.5218	122.8581	118.3884	118.4067	124.0494	124.9901	112.0155	114.9161	112.0305	113.9403	116.7642	115.9489	116.6587	123.4906	112.7912	117.8993	113.5317	117.7545	109.5346	113.4873	114.0347	113.2355	114.4257	112.5889	112.6186	109.0167	118.3715	106.4688	113.8841	112.9794	113.1125	113.3396	0.593552112579
125.6141	120.1053	113.803	131.4331	123.1212	117.0097	121.789	126.9334	116.4074	122.8581	118.5036	118.5699	124.0494	124.9901	112.1377	114.9777	112.1911	114.113	116.8649	116.062	116.7113	123.4339	112.9564	117.8412	113.5317	117.7545	109.5792	113.6317	113.8072	113.4589	114.3134	112.5889	112.7061	109.0655	118.3715	106.4688	113.929	112.8752	113.1125	113.3922	0.60669708252
125.3834	120.0575	113.803	131.4331	123.1736	117.0097	121.6242	126.9334	116.4624	122.6161	118.5036	118.5218	123.9994	125.1618	112.1932	114.8617	112.1911	113.9403	116.7642	115.9489	116.7755	123.4339	112.9564	117.9574	113.5317	117.6395	109.693	113.5596	113.8072	113.2206	114.2636	112.5219	112.4782	109.0655	118.3246	106.5812	113.8841	112.9794	113.1125	113.4448	0.620620012283
125.5603	119.9409	113.803	131.4331	123.1736	117.0576	121.6721	126.9334	116.5218	122.8581	118.5036	118.3105	124.0494	125.1702	112.1377	114.8617	112.0757	113.8864	116.6446	115.9489	116.6587	123.4339	113.0188	117.8993	113.5317	117.6395	109.4208	113.4432	113.8692	113.3472	114.2138	112.42	112.5484	109.0167	118.3715	106.4688	113.9996	112.6935	113.1125	113.2804	0.63498210907
125.5603	119.9887	113.8551	131.372	123.4022	117.0097	121.693	126.9865	116.5218	122.8581	118.3884	118.4067	123.9994	125.0529	112.1932	114.8617	112.2363	113.9943	116.7642	115.9489	116.6587	123.3771	112.905	117.9574	113.4765	117.6395	109.6238	113.5596	114.0865	113.4442	114.326	112.42	112.7762	109.0167	118.249	106.4688	113.8841	112.9273	113.0601	113.5566	0.648967027664
125.6141	120.0575	113.803	131.372	123.1736	117.0097	121.5074	126.9334	116.5218	122.7371	118.5036	118.4067	124.0494	124.9274	112.0155	114.8617	112.1459	113.9943	116.8145	115.8357	116.8282	123.3784	113.0188	117.9574	113.5869	117.5778	109.4654	113.5596	113.9829	113.1722	114.3758	112.6399	112.82	109.0655	118.4653	106.5812	113.8841	112.8752	113.1648	113.3922	0.662577152252
125.445	119.9409	113.803	131.4331	123.2879	117.0097	121.693	126.814	116.5769	122.913	118.5036	118.2917	124.0494	124.9274	112.1377	114.8617	112.1209	114.0482	116.7138	115.9489	116.6587	123.4906	112.905	117.8393	113.5317	117.5863	109.6483	113.5596	114.0865	113.3324	114.2636	112.6399	112.6623	109.0655	118.3715	106.5812	113.8841	112.8752	113.0601	113.333	0.676274061203
125.5603	120.0575	113.6854	131.4331	123.3497	117.0097	121.4595	126.9334	116.4624	122.8581	118.2731	118.3586	123.9994	124.9274	112.1377	114.9161	112.2363	113.9943	116.7642	115.9489	116.7113	123.2095	113.0188	117.9574	113.5317	117.6395	109.7377	113.5596	113.9727	113.1238	114.326	112.538	112.7762	109.0167	118.3715	106.4262	113.8841	112.8752	113.1125	113.4448	0.690114974976
125.3834	120.0575	113.7375	131.372	123.1212	117.0097	121.741	126.9334	116.5218	122.8581	118.5036	118.5218	124.0494	124.9274	112.1377	114.9161	111.9603	113.8216	116.5943	115.8357	116.7113	123.3784	113.0188	117.9574	113.5317	117.6395	109.6238	113.4432	114.0347	113.284	114.3134	112.6399	112.6623	109.0655	118.3715	106.5812	113.7685	112.9273	113.1648	113.4448	0.703994035721
125.445	119.9409	113.9728	131.4331	123.1736	117.0576	121.5074	126.8804	116.6363	122.6161	118.2731	118.4067	124.0494	125.0529	112.1377	114.8617	112.1209	114.0482	116.8333	115.9489	116.7755	123.3217	112.905	117.8993	113.5317	117.6927	109.693	113.6038	113.8589	113.3957	114.2636	112.538	112.7061	109.0167	118.3246	106.4688	113.8841	112.9273	113.1125	113.4448	0.717622995377
125.5603	120.0575	113.803	131.372	123.4022	117.0097	121.5074	126.9334	116.4624	122.792	118.5036	118.5218	124.0494	125.0529	112.1932	114.8617	112.1911	113.9403	116.7642	115.9489	116.8282	123.2095	112.905	117.7232	113.5317	117.6927	109.5792	113.5154	114.0347	113.3472	114.3134	112.5219	112.7762	109.0655	118.3715	106.5812	113.7685	112.9794	113.1648	113.4448	0.730754137039
125.3297	120.174	113.803	131.372	123.1736	117.0576	121.789	126.9865	116.4624	122.7371	118.5036	118.3105	124.0494	124.9274	112.0155	114.8617	112.2363	114.0482	116.8145	115.902	116.7113	123.3771	112.905	118.1936	113.4118	117.7545	109.6238	113.5596	113.8072	113.3324	114.4257	112.4709	112.82	109.0167	118.3715	106.4262	113.8841	112.9794	113.1648	113.3922	0.744464159012
125.6757	120.0575	113.803	131.4331	123.1736	117.0097	121.6242	126.9334	116.4668	122.8581	118.5036	118.3586	123.9994	124.9274	112.1932	114.9161	112.2363	113.9403	116.7642	116.0151	116.6587	123.2095	112.905	117.9574	113.5869	117.6395	109.6238	113.3709	114.0347	113.3472	114.3134	112.5889	112.9339	109.0167	118.3246	106.5812	113.9996	112.9273	113.1125	113.5566	0.75919508934
125.4988	120.1053	113.803	131.4331	123.2784	117.0576	121.5074	126.9334	116.5218	122.792	118.5036	118.5218	123.9994	124.9901	112.0155	114.9161	112.0757	114.167	116.8145	116.062	116.6587	123.4906	113.0188	117.8993	113.5869	117.7545	109.7377	113.5596	114.0865	113.284	114.2636	112.4709	112.6623	109.1366	118.3715	106.4688	113.8841	112.9794	113.0601	113.4974	0.77275800705
125.5603	119.9409	113.7375	131.316	123.2354	116.9931	121.5553	127.2255	116.5218	122.8581	118.3884	118.3586	124.0494	124.9274	112.1377	114.9161	112.1911	113.9943	116.6446	115.902	116.8282	123.2095	112.905	117.9574	113.5317	117.5778	109.7377	113.5154	114.0347	113.284	114.3758	112.5889	112.6623	108.9455	118.3246	106.5812	113.9996	112.9273	113.0601	113.4448	0.786736011505
125.6141	120.0575	113.8551	131.1379	123.2879	117.0576	121.741	127.2786	116.5218	122.8581	118.5036	118.4067	123.9994	124.9274	112.1377	114.9161	112.1911	113.9943	116.6446	115.9489	116.7755	123.2095	112.905	117.9574	113.5869	117.5863	109.6238	113.5596	113.8589	113.1238	114.2138	112.42	112.5921	109.1366	118.3715	106.4688	114.0447	112.8752	113.1648	113.4448	0.800158023834
125.3297	120.0575	113.6854	131.372	123.1736	117.0097	121.693	127.0395	116.5218	122.8581	118.5036	118.4067	123.9994	124.9274	112.1932	114.9161	112.0757	113.9403	116.7138	115.9489	116.6587	123.3784	112.905	117.8993	113.5317	117.5246	109.5792	113.5596	114.0347	113.3324	114.2636	112.5889	112.7061	109.1366	118.4653	106.4688	113.9996	112.9794	113.1125	113.4448	0.813970088959
125.3834	120.0575	113.8551	131.372	123.226	117.0097	121.6721	126.9334	116.4668	122.8581	118.5036	118.5218	123.9994	124.9901	112.0822	114.9705	112.0757	113.8755	116.7642	115.9489	116.6061	123.3217	112.905	117.8412	113.5317	117.6395	109.6483	113.4432	113.9209	113.2206	114.326	112.4709	112.6623	109.1366	118.3715	106.4688	113.8841	112.9794	113.1125	113.4448	0.827705144882
125.3297	119.9887	113.7375	131.255	123.2879	117.0576	121.5074	126.9334	116.4668	122.8581	118.5036	118.3586	124.0994	124.9901	112.1377	114.9161	112.2363	114.0482	116.6949	115.9489	116.8282	123.2662	112.905	117.9574	113.5869	117.6395	109.693	113.5154	113.9727	113.3472	114.2636	112.5889	112.7061	109.1855	118.3246	106.5812	113.9996	112.9273	113.1125	113.4448	0.841495990753
125.6141	119.9409	113.803	131.3771	123.3928	117.0576	121.6721	127.0529	116.5812	122.9791	118.5036	118.4067	124.0494	124.9274	112.1377	114.9161	112.2363	114.0482	116.8145	115.9489	116.7755	123.2095	113.0188	117.8393	113.4118	117.6927	109.5792	113.5154	114.0865	113.284	114.2636	112.538	112.4346	109.1855	118.4184	106.4688	114.0701	112.9273	113.0601	113.3922	0.855589151382
125.6141	119.9887	113.8551	131.255	123.2784	117.0576	121.789	126.9865	116.6913	122.8581	118.3884	118.4736	123.9994	125.1702	112.2599	114.9161	112.4219	113.9943	116.7642	115.9489	116.7113	123.2662	112.9564	117.9574	113.5869	117.6395	109.6238	113.4432	114.0865	113.284	114.2138	112.5889	112.7061	109.1855	118.3715	106.4688	113.8841	112.8752	113.1125	113.5566	0.868999004364
125.6141	120.2219	113.803	131.255	123.2879	117.0576	121.741	126.9865	116.5769	122.8032	118.5036	118.4549	124.0494	124.9274	112.1377	114.8617	112.1459	114.0482	116.7452	115.9489	116.8282	123.2095	113.0188	117.8993	113.5869	117.7545	109.6483	113.5154	114.0347	113.2355	114.5379	112.4709	112.82	108.9455	118.4471	106.5812	113.8841	112.8752	113.1125	113.4448	0.883032083511
125.445	119.9409	113.9728	131.4331	123.1736	117.17	121.5553	126.9865	116.5218	122.9791	118.4527	118.4736	124.0494	124.9274	112.1932	114.9161	112.1911	113.9403	116.8649	115.9489	116.8282	123.0974	113.0188	117.8993	113.4118	117.7545	109.693	113.5596	114.0347	113.4442	114.2636	112.3529	112.7762	109.1855	118.3715	106.4688	113.9996	113.0442	113.284	113.4448	0.896619081497
125.6141	120.174	113.6854	131.255	123.1736	117.0097	121.8578	126.9865	116.5769	122.8581	118.5036	118.3586	123.9994	124.9274	111.9488	114.8	112.1911	113.9943	116.9342	115.9957	116.6587	123.2095	113.0188	117.8993	113.4118	117.7545	109.7377	113.5596	114.0865	113.284	114.3758	112.538	112.6623	108.9455	118.588	106.5812	113.9996	112.8752	113.1648	113.4448	0.911095142365
125.4988	120.1053	113.8551	131.255	123.2879	117.17	121.8578	126.9865	116.5218	122.8581	118.5036	118.4067	124.0494	124.9901	112.2599	114.8617	112.0757	114.0482	116.6446	115.9489	116.7755	123.4339	112.905	118.1936	113.5317	117.8077	109.693	113.5154	114.0347	113.187	114.488	112.4709	112.82	109.0167	118.4941	106.4688	113.8841	112.992	113.1648	113.4448	0.924386024475
125.445	120.174	113.803	131.372	123.1212	117.0097	121.741	126.9334	116.4074	122.792	118.5036	118.4736	124.0494	124.9274	112.1932	114.9161	112.1911	113.9943	116.8145	116.062	116.6587	123.2095	112.905	117.9574	113.4118	117.6927	109.6238	113.5596	114.0865	113.2355	114.2636	112.6909	112.9339	109.0655	118.3715	106.4688	114.1152	112.9273	113.1125	113.333	0.938066959381
125.6141	120.2219	113.7375	131.255	123.1736	117.0097	121.789	126.9334	116.5769	122.9791	118.5036	118.4736	124.0494	124.9274	112.1377	114.9161	112.2363	113.9943	116.7138	115.9489	116.7113	123.3217	112.7912	117.9574	113.5317	117.6395	109.693	113.4432	113.9209	113.1722	114.3758	112.538	112.7762	109.1855	118.3715	106.5385	113.8841	112.9794	113.1125	113.3922	0.951745986938
125.5603	119.9409	113.9728	131.372	123.0688	117.0097	121.6721	126.9865	116.5218	122.8581	118.5036	118.3586	124.0494	124.9901	112.1377	114.7456	112.1209	113.9943	116.8838	115.9957	116.8282	123.3771	113.0188	117.9574	113.5317	117.7545	109.7377	113.6038	113.8072	113.1722	114.2636	112.538	112.7061	109.0655	118.2958	106.4688	113.7685	113.0442	113.0601	113.5566	0.965609073639
125.3834	120.1053	113.803	131.316	123.1736	117.0576	121.741	126.9865	116.5769	122.8581	118.5036	118.3586	123.9994	124.9274	111.8934	114.9161	112.1911	113.8864	116.8649	116.109	116.8282	123.3784	112.905	117.7812	113.5317	117.7545	109.6483	113.5154	113.8072	113.284	114.2138	112.5889	112.5921	109.0655	118.3715	106.4262	113.9996	112.9273	113.1125	113.4448	0.979365110397
125.3297	120.174	113.7375	131.372	123.2879	117.0576	121.5074	126.8804	116.4624	122.8581	118.5036	118.5218	124.0494	124.8646	111.96	114.9161	112.1911	114.0482	116.6446	115.9489	116.6587	123.3217	112.905	117.9574	113.5317	117.7545	109.5346	113.5596	114.0347	113.3472	114.2138	112.42	112.7762	109.0167	118.3715	106.4688	113.9996	112.9273	113.1125	113.5566	0.993165016174
125.5603	119.9409	113.803	131.316	123.1736	117.0576	121.6242	126.9865	116.4624	122.8581	118.3375	118.1955	123.9994	124.9901	112.0822	114.9161	112.2363	114.167	116.8145	115.902	116.7113	123.4339	112.9564	117.9574	113.4118	117.8694	109.6238	113.5596	113.9829	113.1238	114.2636	112.5889	112.7061	108.9678	118.2958	106.6238	114.1152	112.9273	113.1125	113.4448	1.00722408295
125.445	120.174	113.7375	131.489	123.1736	117.0576	121.5553	126.9865	116.5218	122.8581	118.5036	118.2436	123.9994	125.0446	112.1377	114.8617	112.1911	114.0482	116.7138	115.9957	116.8282	123.4339	112.905	117.9574	113.5317	117.7012	109.6483	113.5596	113.8589	113.2355	114.326	112.3529	112.9339	109.1855	118.3715	106.4688	113.8841	112.9273	113.1648	113.3922	1.02065396309
125.6757	119.9409	113.6854	131.372	123.4022	117.0576	121.5553	126.9334	116.4624	122.9791	118.5036	118.5218	124.0494	124.9274	112.1377	114.8617	112.2363	114.0482	116.8838	115.9489	116.7755	123.4339	112.905	117.9574	113.5317	117.6395	109.6238	113.7202	114.0347	113.284	114.4257	112.538	112.7762	108.9943	118.3715	106.5812	113.8841	112.9273	113.1125	113.5566	1.03474116325
125.6141	119.9409	113.6854	131.372	123.2879	117.0576	121.6721	126.9865	116.5769	122.8581	118.5036	118.4736	124.0494	124.9274	112.1377	114.9161	112.1911	113.9943	116.7642	115.9489	116.6587	123.4339	113.0703	117.9574	113.5869	117.7545	109.5792	113.5596	113.9727	113.3957	114.326	112.5889	112.6623	109.0167	118.3715	106.4688	113.8841	112.9273	113.1125	113.5566	1.04813718796
125.5603	120.0096	113.7375	131.4331	123.2879	117.0097	121.5074	126.9334	116.6363	122.8581	118.5036	118.4736	124.0494	124.9901	112.1377	114.9161	112.2363	113.9943	116.8333	115.9489	116.7113	123.2662	113.0188	117.9574	113.5317	117.5246	109.5792	113.5154	113.9829	113.3957	114.4257	112.4709	112.82	109.1855	118.3715	106.5385	113.8841	112.9273	113.1125	113.4448	1.06208515167
125.6141	120.174	113.6854	131.255	123.1736	117.17	121.8578	127.1724	116.5218	122.8581	118.5036	118.4067	123.9994	124.9274	112.1932	114.9161	112.2363	113.9943	116.9342	115.9489	116.8282	123.3771	112.905	117.9574	113.5869	117.6395	109.5792	113.5154	114.0347	113.3957	114.5379	112.4709	112.7762	109.1855	118.3715	106.5812	113.8841	113.1611	113.1125	113.5566	1.0758061409
125.445	120.0575	113.6854	131.4331	123.4547	117.0097	121.5553	126.9865	116.4624	122.8581	118.5036	118.5886	124.0494	124.9274	112.1377	114.9161	112.1209	114.113	116.8145	115.9489	116.6587	123.3217	112.905	117.8993	113.5317	117.7545	109.6238	113.5596	113.9727	113.1238	114.3758	112.487	112.7324	109.1855	118.3246	106.5812	113.8841	112.9273	113.1125	113.4448	1.0895550251
125.5603	119.9887	113.7375	131.4331	123.2354	117.0097	121.6721	126.9334	116.4074	122.8581	118.5036	118.3586	124.0494	124.9901	112.1932	114.9161	112.1911	113.9403	116.7642	115.9489	116.7755	123.265	112.905	118.1936	113.5317	117.7545	109.693	113.5596	114.0347	113.3472	114.488	112.4709	112.7762	109.1855	118.4941	106.5812	113.8841	112.9273	113.0601	113.5566	1.10337615013
125.445	120.0575	113.8551	131.4331	123.2879	117.0576	121.741	126.9865	116.4074	122.8581	118.5036	118.4736	124.0494	124.9274	112.1932	114.9161	112.2363	114.0482	116.6949	115.9489	116.8924	123.3217	113.0188	117.9574	113.4118	117.7545	109.6483	113.6759	114.0865	113.284	114.2138	112.5889	112.7762	109.1366	118.3246	106.4688	113.8841	112.9273	113.2316	113.3922	1.11704206467
125.6141	119.9887	113.6854	131.4331	123.2879	117.0097	121.6451	127.106	116.4624	122.7371	118.5036	118.4736	124.0494	124.9274	112.2599	115.0322	112.1911	113.9403	116.8333	115.9489	116.8282	123.4339	112.905	117.9574	113.5317	117.7545	109.693	113.5154	114.0347	113.1238	114.5379	112.6399	112.8638	109.1855	118.3715	106.4688	113.9996	112.9273	113.1125	113.4448	1.13110399246
125.3834	120.0575	113.7375	131.489	123.1736	117.0576	121.5074	126.9334	116.5769	122.8581	118.5036	118.4067	124.0494	124.9274	112.1932	114.8617	112.1911	113.9403	116.9342	115.9957	116.8282	123.3784	113.0188	117.8993	113.5317	117.6395	109.5792	113.5154	114.0865	113.3324	114.488	112.4709	112.7762	108.8479	118.3715	106.3989	113.8841	112.9794	113.2316	113.4448	1.14450407028
125.445	120.0575	113.8551	131.489	123.1212	117.0576	121.741	127.0529	116.4668	122.9791	118.5036	118.3586	124.0494	124.9274	112.071	114.9161	112.0757	113.9943	116.7642	115.9489	116.6587	123.2095	113.0188	117.9574	113.4118	117.8077	109.6483	113.5154	114.0347	113.2355	114.5878	112.538	112.7762	109.1366	118.3246	106.4688	113.9996	112.9794	113.1125	113.4448	1.15882110596
125.3834	120.0575	113.8551	131.1989	123.2879	117.0576	121.6242	127.106	116.4624	122.8032	118.5036	118.5886	124.0494	124.9901	112.382	114.8617	112.0757	113.9943	116.7642	115.902	116.7113	123.2095	113.0188	117.9574	113.4118	117.5863	109.693	113.5596	114.0865	113.284	114.2636	112.6399	112.7762	109.0167	118.3715	106.5812	113.8841	112.9273	113.1125	113.6684	1.17220115662
125.6141	120.0575	113.6854	131.4331	123.1736	117.0576	121.5553	126.9865	116.4624	122.8581	118.5036	118.5218	124.0494	124.9901	112.1377	114.8617	112.1911	113.9403	116.6446	115.9489	116.9451	123.2095	113.0188	117.9574	113.5317	117.5863	109.5792	113.5154	114.0347	113.2355	114.4257	112.4709	112.5484	109.1366	118.3246	106.4688	113.7685	112.8752	113.1125	113.4974	1.18621206284
125.5603	120.174	113.9728	131.372	123.2879	117.0097	121.6242	126.9865	116.4624	122.8581	118.5036	118.4067	124.0494	124.8646	112.1377	114.9161	112.1209	113.9943	116.7642	115.9957	116.7113	123.4906	112.905	117.9574	113.6515	117.6395	109.693	113.5596	113.9209	113.284	114.2636	112.5889	112.5921	109.0167	118.3246	106.4688	113.8841	112.9794	113.1125	113.5566	1.19989204407
125.5603	120.1053	113.8551	131.4331	123.1736	116.9617	121.6242	127.2786	116.5769	123.0341	118.5036	118.4736	124.0494	125.3419	112.1932	114.9777	112.1911	113.9943	116.7642	115.9489	116.8282	123.4339	112.905	118.0155	113.5317	117.6927	109.7377	113.5596	114.0347	113.284	114.4257	112.4709	112.9339	109.0655	118.3715	106.4688	113.8841	112.9273	113.1125	113.5566	1.21378016472
125.7295	120.0575	113.7375	131.4331	123.2354	117.0576	121.789	126.867	116.5769	122.8581	118.5036	118.6368	123.9994	124.9274	112.1377	114.8617	112.2363	113.9943	116.8145	115.9489	116.7229	123.4906	113.0703	117.8412	113.5317	117.8077	109.5792	113.5596	114.0347	113.3957	114.5379	112.5889	112.8901	109.1855	118.3715	106.5812	113.9996	112.8752	113.0601	113.4448	1.22730612755
125.3297	119.9409	113.803	131.5502	123.1212	117.1055	121.789	127.106	116.5218	122.8581	118.5036	118.3586	123.9994	125.0529	112.1377	114.9777	112.1911	114.0482	116.5943	115.9489	116.6587	123.4906	113.0188	117.9574	113.4118	117.7545	109.693	113.6759	113.9209	113.1722	114.3758	112.538	112.5484	109.0167	118.3715	106.4688	113.9996	112.9273	113.1125	113.4448	1.24116206169
125.3912	120.0096	113.6854	131.5502	123.1736	117.218	121.741	127.1724	116.4624	122.8581	118.5036	118.4067	124.0494	125.1618	112.1377	114.7456	112.1911	114.059	116.9342	115.9489	116.8924	123.4906	113.0188	117.8993	113.5317	117.7012	109.693	113.5596	114.0347	113.2355	114.4257	112.5219	112.82	109.1855	118.3715	106.4688	113.929	113.0442	113.4032	113.4448	1.25499010086
125.5603	120.174	113.6854	131.372	123.2879	117.122	121.693	127.2255	116.4074	122.9791	118.5036	118.5218	124.0494	125.1074	112.0155	115.0322	112.0757	114.0482	116.6446	115.9489	116.6587	123.4339	113.0703	117.8993	113.5869	117.6395	109.693	113.5596	114.0347	113.1238	114.326	112.3529	112.7061	108.9455	118.3715	106.4688	113.8841	112.992	113.0601	113.4448	1.26885509491
125.5603	120.0575	113.803	131.5502	123.1736	117.0576	121.741	126.9334	116.5218	122.913	118.5036	118.3586	124.0494	125.0446	112.1377	115.0322	112.2363	113.9943	116.8838	115.9489	116.9451	123.3784	113.0188	117.9574	113.6515	117.6927	109.6238	113.5154	114.0865	113.2206	114.3134	112.6399	112.9339	109.1366	118.4941	106.4688	113.8841	112.8752	113.1125	113.4448	1.28269219398
125.6141	120.0575	113.7375	131.316	123.1736	117.0576	121.6242	126.9865	116.4074	122.9791	118.5036	118.3586	124.0494	124.9901	112.1932	114.9161	112.1911	113.8216	116.7642	115.9489	116.7755	123.265	113.0188	117.9574	113.5869	117.7545	109.6238	113.5596	113.9727	113.3957	114.4755	112.6399	112.7762	109.1366	118.3715	106.5812	114.1152	112.9794	113.1125	113.4448	1.2963809967
125.6757	120.0575	113.9206	131.5502	123.2354	117.0097	121.741	126.9334	116.5218	122.8581	118.5036	118.5218	124.0494	125.0446	112.1932	114.9777	112.3065	113.9403	116.8838	115.9489	116.6587	123.3217	113.0188	117.9574	113.5317	117.6395	109.5792	113.399	114.0865	113.3324	114.3758	112.538	112.82	109.0167	118.249	106.4688	113.8841	112.9794	113.0601	113.4448	1.31026911736
125.5603	120.0575	113.7375	131.4331	123.1212	117.17	121.789	127.0395	116.6363	122.8581	118.5036	118.5886	123.9994	125.0529	112.1377	115.0322	112.2363	114.167	116.9342	115.9489	116.7755	123.4906	113.0188	117.8993	113.5869	117.8077	109.6238	113.5596	113.9209	113.284	114.2636	112.4709	112.7762	109.1366	118.3715	106.3563	113.9996	112.992	113.1125	113.4448	1.32378196716
125.5065	120.0575	113.9206	131.255	123.1736	117.17	121.8578	126.9865	116.5218	122.8581	118.3884	118.5886	124.0494	124.9901	112.1932	114.8617	112.2363	114.0482	116.7642	115.9489	116.7229	123.4906	113.0703	117.9574	113.4118	117.6395	109.8516	113.5596	114.0865	113.3472	114.3758	112.5889	112.7762	109.1366	118.3246	106.5812	113.9996	112.9794	113.1648	113.4448	1.3377020359
125.6141	120.0575	113.8551	131.489	123.2784	117.0576	121.693	127.2786	116.6913	122.8581	118.5036	118.3586	123.9994	124.9901	112.1932	114.9161	112.1459	113.9403	116.9846	115.9489	116.7113	123.3217	113.0188	117.8993	113.5317	117.7545	109.693	113.5154	114.0347	113.3324	114.326	112.42	112.7762	109.1366	118.3715	106.4688	113.9996	113.0442	113.1648	113.5566	1.35149812698
125.6141	120.0575	113.803	131.372	123.1736	117.0576	121.6242	127.1724	116.4074	122.7371	118.5036	118.3586	124.0494	125.0529	112.071	114.9161	112.2363	113.9943	116.6949	115.9957	116.8924	123.4906	112.905	117.8993	113.5317	117.7012	109.693	113.6038	113.9727	113.2355	114.3758	112.6399	112.7762	109.1366	118.3715	106.4688	113.9996	112.9794	113.1648	113.6684	1.36529803276
125.3297	120.174	113.7375	131.5502	123.1736	117.0576	121.8098	127.1724	116.4668	122.8581	118.5036	118.3586	124.0494	125.1702	112.1377	114.9777	112.1911	114.113	116.9342	116.062	116.6587	123.4339	113.0188	118.1936	113.5317	117.6927	109.7377	113.5596	114.0347	113.284	114.5379	112.42	112.7762	109.0389	118.3246	106.5812	113.8841	112.9794	113.1648	113.4448	1.37902212143
125.4988	119.9887	113.803	131.372	123.1736	117.0097	121.789	127.2255	116.6363	122.913	118.5036	118.4067	124.0494	125.0529	111.8379	115.0322	112.1911	114.0482	116.8838	115.9489	116.9451	123.3784	113.0188	117.9574	113.5317	117.7545	109.693	113.5596	114.0865	113.3957	114.4381	112.42	112.82	109.1855	118.3715	106.5812	113.7685	112.9794	113.1125	113.4448	1.39292597771
125.5603	120.174	113.803	131.372	123.2879	117.0576	121.8578	127.2255	116.5769	122.8581	118.5036	118.5218	124.0494	125.0529	112.1932	115.0322	112.2363	114.0482	116.8145	115.9489	116.8282	123.4339	113.0188	117.8993	113.4118	117.7545	109.693	113.5596	113.9209	113.3957	114.4381	112.3529	112.82	109.0655	118.3715	106.4688	113.9996	112.9794	113.1125	113.4448	1.40663719177
125.6141	120.0575	113.8551	131.4331	123.2879	117.17	121.789	127.2786	116.4668	122.8581	118.5036	118.4067	124.0494	125.0446	112.1377	115.0322	112.2363	114.167	116.6446	115.9489	116.8282	123.2662	112.905	118.1354	113.5317	117.7545	109.693	113.399	114.0347	113.187	114.4257	112.5219	112.82	109.0655	118.3715	106.4688	113.9996	112.9273	113.2316	113.4448	1.42027497292
125.5603	120.1053	113.9206	131.372	123.1736	117.0576	121.5074	127.1724	116.5218	122.913	118.5036	118.5218	124.1682	124.9901	112.071	114.8617	112.1911	114.0482	116.8145	116.062	116.8282	123.3771	112.905	117.9574	113.5317	117.8077	109.6238	113.5154	113.9209	113.3324	114.488	112.5889	112.82	109.0655	118.3715	106.5812	113.9996	112.9273	113.1125	113.4448	1.43460798264
125.5603	120.0575	113.803	131.5502	123.2784	117.0576	121.6451	127.2255	116.3525	122.8581	118.3884	118.6368	124.0494	124.9901	112.1377	114.9161	112.1209	113.9943	116.8838	115.9489	116.9451	123.3217	112.905	117.8412	113.5317	117.7545	109.7377	113.5154	114.0865	113.2355	114.3758	112.4709	113.0918	109.1143	118.3246	106.6238	113.8841	112.9273	113.1125	113.3922	1.44789004326
125.4988	120.0575	113.7896	131.5502	123.2879	117.0576	121.6721	127.0395	116.4624	122.8581	118.5036	118.5218	124.0494	124.9818	112.1377	114.8617	112.2363	114.113	116.6949	116.062	116.8924	123.2095	112.905	117.8993	113.5317	117.7012	109.6238	113.5154	114.0347	113.284	114.3758	112.5889	112.8901	109.1366	118.3246	106.4688	113.8841	112.9794	113.1125	113.4448	1.46174407005
125.445	120.174	113.8551	131.372	123.1736	117.0576	121.5763	126.867	116.5769	122.8581	118.4527	118.4067	124.0494	124.9901	112.1377	115.025	112.2363	114.0482	116.9846	116.062	116.6587	123.4906	113.0188	117.8993	113.5317	117.5863	109.693	113.6317	114.0347	113.2355	114.5379	112.3529	112.7762	109.0167	118.3715	106.5812	113.8841	112.8752	113.1125	113.5566	1.47538614273
125.3834	120.0575	113.7896	131.372	123.2879	117.0576	121.9058	127.2786	116.5218	122.9791	118.4527	118.4736	124.0494	124.9274	112.1932	114.9777	112.2363	114.167	116.9342	116.062	116.7755	123.2095	113.0703	118.1354	113.5317	117.7012	109.6238	113.5154	113.8692	113.3957	114.488	112.6399	112.8901	109.1366	118.3715	106.5812	113.8841	113.0316	113.1125	113.6092	1.48941707611
125.445	120.2219	113.803	131.5502	123.2879	117.0576	121.8578	126.9334	116.5769	122.9791	118.5036	118.5218	124.1682	125.0529	112.1932	114.9161	112.2363	114.113	116.9342	115.9957	116.7113	123.4339	113.0703	117.9574	113.5317	117.7545	109.693	113.5596	114.0865	113.284	114.488	112.538	112.8901	109.2344	118.3715	106.5114	113.9996	112.9273	113.2316	113.4448	1.50314903259
125.445	120.0575	113.803	131.316	123.1212	117.0576	121.6242	126.9865	116.5769	122.8581	118.5036	118.4549	123.9994	125.0529	112.1932	115.0867	112.1459	113.8864	116.8145	115.9489	116.8924	123.4339	112.905	118.0772	113.5317	117.6395	109.8068	113.5596	114.0865	113.1722	114.3134	112.302	112.6623	109.0655	118.3715	106.4688	114.1152	113.1611	113.1125	113.4448	1.51681208611
125.4988	120.0575	113.8551	131.372	123.1212	117.0097	121.741	126.9998	116.4668	122.8581	118.5036	118.4736	124.0494	124.9901	112.1377	114.8617	112.1911	114.0482	116.7138	115.9489	116.7113	123.4339	112.905	117.9574	113.5317	117.8077	109.7377	113.5596	114.0347	113.284	114.6002	112.538	112.7762	109.1855	118.3715	106.4688	113.9996	112.9273	113.1648	113.6092	1.53060317039
125.3834	120.0575	113.6854	131.489	123.1736	117.122	121.9746	126.9865	116.5769	122.8581	118.5036	118.4736	124.0494	125.1702	112.1932	114.9705	112.1911	113.9943	116.9342	116.109	116.7113	123.4339	113.0188	117.9574	113.5317	117.648	109.693	113.5154	113.9209	113.284	114.2138	112.5889	112.7762	109.1855	118.3715	106.4688	113.8841	112.9273	113.1125	113.4448	1.54438304901
125.4988	120.2219	113.6854	131.4942	123.1736	117.0576	121.5553	126.9865	116.5769	122.8581	118.5036	118.4254	124.0494	124.9901	112.0822	114.9705	112.2363	114.0482	116.7642	115.9489	116.8282	123.3217	112.905	117.8993	113.4118	117.7545	109.693	113.6759	113.9727	113.4442	114.3134	112.538	112.7762	109.1855	118.3715	106.4688	113.9996	112.9273	113.1792	113.5566	1.5584590435
125.3297	120.174	113.8551	131.4331	123.1736	117.0097	121.741	127.106	116.5769	122.8581	118.3884	118.5218	124.0494	124.9274	112.1377	114.9161	112.2363	114.0482	116.9342	115.9489	116.8282	123.3217	113.1326	117.8993	113.5317	117.8077	109.6483	113.5154	113.8589	113.4442	114.3758	112.42	112.82	109.0167	118.3715	106.5812	113.9996	112.9273	113.1125	113.4448	1.57213497162
125.445	120.174	113.6854	131.4331	123.4022	117.0097	122.0226	127.2255	116.4624	122.8581	118.5036	118.5218	124.0494	124.9274	112.071	114.9777	112.1911	113.9943	116.9846	115.9489	116.8282	123.3784	113.0188	117.9574	113.5317	117.8077	109.693	113.6038	114.0865	113.2355	114.6501	112.6399	112.7762	109.0655	118.3715	106.4688	113.7685	112.9794	113.1125	113.5566	1.58602714539
125.5603	120.174	113.6854	131.316	123.3928	117.0576	121.5074	126.9865	116.5769	122.913	118.5036	118.5218	124.1182	124.8646	112.1377	115.0322	112.2363	113.9403	116.9342	116.062	116.8924	123.3784	112.905	117.9574	113.4118	117.8694	109.693	113.5596	114.0865	113.2355	114.3134	112.6399	112.82	109.1366	118.3246	106.4688	114.1152	112.9273	113.1648	113.4448	1.5995349884
125.5603	120.1053	113.6854	131.4331	123.1736	117.1055	121.5074	126.9334	116.6913	123.1001	118.5036	118.2917	124.0494	124.9901	112.1377	114.9161	112.2363	114.0482	116.7642	115.9957	116.9451	123.4339	112.905	117.9574	113.5317	117.7545	109.693	113.5154	114.0865	113.2355	114.488	112.5889	112.7324	109.1855	118.3715	106.4688	113.8841	113.0442	113.0601	113.5566	1.61340212822
125.445	120.2219	113.8551	131.372	123.1736	117.122	121.6242	127.2255	116.5218	122.9791	118.6188	118.5218	124.0494	124.9901	112.0155	114.9705	112.1911	114.0482	116.7642	115.9489	116.5418	123.4906	113.0703	118.1936	113.4118	117.6395	109.693	113.5154	113.8589	113.1722	114.488	112.5889	112.82	109.0655	118.3715	106.4688	113.9996	112.8752	113.1125	113.4974	1.62729811668
125.4988	120.0575	113.9206	131.3109	123.1736	117.0576	121.693	126.9334	116.4074	122.8581	118.5036	118.3586	123.9994	125.1702	112.1377	114.9161	112.2363	113.9943	116.8649	116.109	116.9451	123.4339	113.0188	117.9574	113.5317	117.8694	109.7377	113.5596	114.2003	113.3957	114.488	112.538	112.7762	109.1366	118.3715	106.4688	113.8841	113.0442	113.0601	113.5566	1.64120197296
125.3297	120.1053	113.9728	131.4331	123.2879	117.0097	121.5074	127.1724	116.5769	122.913	118.3884	118.4067	124.0494	124.9901	112.382	115.0867	112.1911	113.9943	116.7642	115.9489	116.7755	123.3784	113.0188	118.1936	113.4118	117.8077	109.693	113.5154	114.0347	113.1722	114.326	112.538	112.82	109.1855	118.3715	106.4688	114.1152	112.9273	113.0601	113.504	1.65479302406
125.5603	120.1053	113.8551	131.4331	123.1212	117.17	121.5553	127.3982	116.6913	122.8581	118.5036	118.5218	123.9994	124.9274	112.1932	114.8617	112.1911	114.0482	116.7642	115.9489	116.7113	123.2095	113.0188	117.9592	113.4118	117.7012	109.7377	113.5596	114.0347	113.284	114.3758	112.3529	112.9339	108.9678	118.3715	106.4688	114.0447	112.9273	113.1648	113.5566	1.66846609116
125.445	120.174	113.803	131.4331	123.1212	117.17	121.6242	126.9865	116.4074	122.8581	118.5036	118.5218	124.0494	125.0446	112.1377	114.9161	112.4219	113.9403	116.8838	115.902	116.6587	123.4906	113.0703	117.9574	113.5317	117.6395	109.5792	113.5154	114.0347	113.284	114.3758	112.538	112.8638	109.0655	118.3715	106.5812	113.9996	113.0964	113.1648	113.6684	1.68249797821
125.5603	120.0575	113.8551	131.255	123.2879	117.0576	121.5074	127.0529	116.5769	122.8581	118.5036	118.5218	124.0494	125.0446	111.8934	114.9777	112.2363	114.0482	116.8838	115.9489	116.8924	123.4339	112.905	117.8993	113.5317	117.8077	109.6238	113.5154	114.0347	113.2355	114.3758	112.42	112.82	109.1855	118.3715	106.4262	113.7685	112.8752	113.2316	113.3922	1.69609212875
125.6141	120.0575	113.9728	131.4331	123.1736	117.0576	121.8098	126.9334	116.4074	122.8581	118.5036	118.4067	124.0494	125.1702	112.1377	114.9705	112.1911	113.9943	116.7642	115.9489	116.7755	123.2662	113.0188	117.8993	113.5317	117.6395	109.6483	113.6759	113.9829	113.3957	114.3758	112.538	112.7762	109.1366	118.249	106.4688	113.9996	112.9794	113.0601	113.5566	1.71009016037
125.4988	120.174	113.7375	131.372	123.1736	117.0576	121.741	126.9334	116.6913	122.913	118.3884	118.4067	124.0494	125.0529	112.1377	114.9161	112.1911	114.0482	116.9342	115.9489	116.8924	123.4339	113.0188	117.9574	113.5317	117.7545	109.693	113.5154	114.0865	113.284	114.5878	112.5219	112.8638	109.1366	118.3715	106.5812	113.9546	112.9794	113.1125	113.7211	1.72363901138
125.445	120.0575	113.803	131.4331	123.2879	117.0576	121.8578	127.1724	116.5769	122.8581	118.5036	118.5218	124.0494	124.9901	112.3155	114.9705	112.2363	113.9403	116.8838	115.9489	116.7755	123.4339	113.0188	117.9574	113.642	117.5863	109.693	113.5154	114.0347	113.2355	114.4257	112.42	112.82	109.1855	118.3246	106.4688	113.9996	112.9794	113.1125	113.6684	1.73740506172
125.5603	120.174	113.6854	131.372	123.1736	117.17	121.5553	127.1192	116.4668	122.8581	118.5036	118.3586	124.0494	124.9901	112.2488	115.0322	112.0757	114.167	116.9342	115.9957	116.8282	123.4339	113.0188	117.9574	113.5317	117.7545	109.693	113.5154	113.9727	113.284	114.3758	112.5219	112.7762	109.0655	118.3715	106.5812	114.1152	112.8752	113.284	113.5566	1.75125217438
125.6757	120.0575	113.803	131.4331	123.1736	117.0097	121.8098	126.9334	116.4074	122.9679	118.7341	118.5218	124.0494	124.9901	112.1932	114.9161	112.1911	113.9943	116.9342	115.9957	116.8282	123.3784	113.0703	117.8393	113.4118	117.6927	109.7377	113.6038	114.0347	113.3472	114.3758	112.4709	112.7762	109.1366	118.4471	106.5812	113.7685	113.0442	113.1125	113.833	1.76587796211
125.5603	120.0575	113.8551	131.5502	123.1736	117.0576	121.693	127.0529	116.5218	122.7371	118.5036	118.6368	124.0494	125.1074	112.1932	114.9161	112.3065	113.9943	116.9342	115.9957	116.7755	123.4906	113.0188	117.9574	113.5317	117.6395	109.8068	113.5596	114.0347	113.3957	114.3758	112.5889	112.82	109.0655	118.3715	106.5812	113.8841	113.0964	113.2316	113.4448	1.77826619148
125.6757	120.174	113.7375	131.5502	123.2354	117.2824	121.741	127.345	116.5218	122.8581	118.5036	118.3586	124.0494	124.9901	112.1377	114.8617	112.1911	114.059	116.7642	116.062	116.9451	123.4339	113.0188	117.8993	113.5317	117.7545	109.693	113.5596	114.2003	113.1722	114.2636	112.5889	112.7061	109.1366	118.4184	106.5812	113.8841	112.9794	113.1648	113.504	1.79278206825
125.7295	120.174	113.7375	131.316	123.2784	117.1055	121.8098	127.0395	116.5218	122.8581	118.5036	118.4067	124.0494	125.0529	112.1932	114.8617	112.1911	113.9943	116.9342	116.062	116.9451	123.4339	113.0188	117.9574	113.5317	117.8077	109.7377	113.5596	114.0347	113.4442	114.4257	112.6399	112.7061	109.0655	118.3715	106.4262	113.8841	112.9273	113.1125	113.4448	1.80643296242
125.6757	120.0575	113.7375	131.255	123.1736	117.0097	121.6242	127.1724	116.6363	122.8581	118.5036	118.5218	124.0494	125.1074	112.1377	115.0322	112.3766	114.0482	116.8145	116.109	116.8924	123.4339	113.0188	117.9574	113.5317	117.8077	109.693	113.5154	113.9829	113.2355	114.4257	112.4709	112.7762	109.0655	118.4941	106.5114	113.9996	112.9273	113.1125	113.3922	1.82014012337
125.445	120.1053	113.9728	131.372	123.4547	117.0576	121.8098	127.2255	116.4668	122.8581	118.5036	118.3586	124.0494	124.9274	112.0155	115.0322	112.1911	114.059	116.7138	115.9489	116.8924	123.265	113.0188	117.9574	113.5317	117.6395	109.6483	113.5154	114.2003	113.187	114.5379	112.4709	112.82	109.0655	118.3715	106.4262	113.8841	112.9794	113.1648	113.4974	1.83400511742
125.6141	120.0575	113.7375	131.4331	123.1736	117.0576	121.741	127.106	116.4074	122.8581	118.4527	118.5218	124.0494	124.9901	112.2599	114.8617	112.2363	114.0482	116.8145	116.109	116.8282	123.2662	112.9673	117.8993	113.5317	117.8077	109.693	113.5154	114.0347	113.2987	114.3758	112.42	112.9339	109.1855	118.3715	106.5812	114.1603	113.1089	113.1648	113.4448	1.84772801399
125.5603	119.9409	113.6854	131.4331	123.1736	117.0576	121.8578	127.2255	116.4074	122.8581	118.5036	118.6368	123.9994	124.9274	112.1377	114.9161	112.2363	114.0482	116.8145	115.9489	116.9451	123.2095	113.0188	117.9574	113.5317	117.6395	109.5792	113.5596	114.0347	113.1722	114.4257	112.538	112.7762	109.1366	118.4184	106.4688	113.9996	113.0316	113.1125	113.5566	1.86184096336
125.5603	120.0575	113.7375	131.4331	123.4022	117.0097	121.9746	127.1591	116.6363	122.8581	118.5036	118.4067	124.0494	124.9901	112.1932	114.9161	112.1911	113.9943	116.7642	115.9489	116.8282	123.4906	113.0188	117.8993	113.5317	117.7545	109.693	113.5596	114.1484	113.3957	114.5379	112.4709	112.82	109.1855	118.3715	106.5812	114.1603	112.9273	113.2316	113.504	1.87540698051
125.6141	120.1053	113.9073	131.4331	123.2354	117.0576	121.789	126.9865	116.4624	122.9679	118.5036	118.5886	124.0494	124.9274	112.2488	115.0322	112.1911	113.9943	116.8838	115.9489	116.6587	123.4339	113.0188	117.9574	113.5869	117.8694	109.693	113.5596	114.0347	113.3957	114.326	112.538	112.82	109.1855	118.3715	106.4688	114.1152	112.9273	113.2983	113.4448	1.88909506798
125.445	120.0096	113.7375	131.489	123.1212	117.0576	121.9058	127.1724	116.6363	122.8581	118.5036	118.5218	124.0494	125.1702	112.071	115.0322	112.3517	113.9943	116.8838	115.9489	116.8924	123.4339	112.9673	118.1354	113.5869	117.6395	109.7377	113.5596	114.2003	113.2355	114.3758	112.5889	112.5484	109.1855	118.3715	106.5812	113.9996	112.9273	113.2316	113.4448	1.90285015106
125.3297	119.9409	113.8551	131.489	123.3403	117.0576	121.9058	127.106	116.5769	122.8581	118.3884	118.3105	123.9994	125.0529	112.1932	114.8	112.3517	113.9943	116.9342	115.902	116.7229	123.3217	112.9564	118.1354	113.5317	117.6395	109.7377	113.5596	114.0347	113.1238	114.326	112.6399	112.6623	109.0655	118.249	106.4688	113.8841	112.9273	113.1125	113.5566	1.916918993
125.5603	120.1053	113.8551	131.4331	123.2784	117.0097	121.6721	127.345	116.5769	122.8581	118.5036	118.4736	124.0494	124.9274	112.1932	114.9161	112.3065	113.9943	116.8145	115.9957	116.7755	123.4339	113.0188	117.8412	113.5869	117.7545	109.7377	113.5596	113.9829	113.284	114.5878	112.5219	112.9339	109.1855	118.3715	106.5812	113.9996	112.9273	113.284	113.6092	1.93053412437
125.6757	120.0575	113.803	131.489	123.2879	117.0576	121.693	127.2255	116.5769	122.8581	118.5036	118.5218	124.0494	124.9901	112.1377	114.9777	112.2815	113.9403	116.9342	115.9957	116.8282	123.3784	113.0188	117.9574	113.6515	117.7012	109.6238	113.4432	113.8072	113.3957	114.3758	112.538	112.82	109.0655	118.3715	106.5812	113.8841	112.9273	113.1125	113.6684	1.94416117668
125.445	120.0575	113.6854	131.4331	123.1736	117.0097	121.9058	126.9865	116.6913	122.8581	118.5036	118.4736	123.9994	125.2246	112.1377	114.9777	112.3065	113.8864	116.7642	115.9489	116.7755	123.4906	113.0188	117.9574	113.642	117.8077	109.7377	113.6038	113.9829	113.1238	114.6501	112.6399	112.7762	109.1855	118.3715	106.5812	114.1152	112.9273	113.1792	113.5566	1.95800018311
125.5603	120.0575	113.7896	131.4331	123.4022	117.0576	121.6242	127.0529	116.4624	122.913	118.5036	118.3586	123.9994	124.9274	112.1377	114.9161	112.4672	113.9943	116.6949	115.9489	116.7229	123.4339	113.0188	117.9574	113.5317	117.6395	109.693	113.5596	114.0347	113.3472	114.4381	112.538	112.7762	109.0655	118.4471	106.4688	114.1603	112.9273	113.1125	113.6684	1.97162413597
125.6141	120.2219	113.7375	131.4331	123.3403	117.122	121.6721	127.345	116.5218	122.8581	118.5036	118.4736	124.0494	125.0529	112.1377	114.8617	112.2363	114.0482	116.9342	115.9489	116.9451	123.3217	113.0188	118.1354	113.4118	117.8077	109.6238	113.5154	114.0347	113.1722	114.488	112.6399	112.7762	109.1855	118.3246	106.4688	113.9996	113.1611	113.0601	113.4448	1.98595905304
125.5603	120.0575	113.803	131.489	123.5072	116.9617	121.8578	126.9334	116.5769	122.8581	118.5036	118.4067	123.9994	125.1074	112.0155	114.9705	112.3065	114.0482	116.8649	116.109	116.8282	123.4339	113.0188	117.9574	113.5317	117.7545	109.693	113.6038	114.0865	113.3472	114.488	112.5889	112.9339	109.1855	118.3715	106.5385	113.8841	112.9794	113.1125	113.4448	1.9993891716
125.6757	120.0575	113.803	131.372	123.1212	117.122	121.9058	127.2255	116.5769	122.8581	118.5036	118.4736	124.0494	125.1074	112.1932	115.0867	112.1911	113.9403	116.7642	115.9489	116.8282	123.3784	113.0188	117.8993	113.5317	117.7545	109.693	113.6038	114.2003	113.3324	114.3758	112.538	112.8638	109.1855	118.3715	106.5114	114.2053	112.9794	113.1125	113.6092	2.01267814636
125.5603	120.0575	113.9728	131.489	123.4022	117.0576	121.8578	127.1724	116.4624	122.8581	118.5036	118.6368	124.0494	124.9901	112.1377	114.9161	112.1911	113.9943	116.8838	115.9489	116.9451	123.4906	113.0188	117.9574	113.5317	117.8161	109.693	113.5154	113.9209	113.2355	114.6002	112.5889	112.7324	109.1855	118.3715	106.4688	113.8841	112.9794	113.0601	113.4974	2.0261991024
125.6141	120.174	113.6854	131.489	123.1736	117.0097	121.789	127.2255	116.5769	122.9791	118.5036	118.6368	123.9994	124.9901	112.1377	114.8617	112.1911	114.0482	116.9846	115.9489	116.8924	123.4351	113.0703	117.9574	113.642	117.7545	109.7377	113.5154	114.0865	113.4442	114.488	112.5889	112.82	109.0655	118.3715	106.4688	113.9996	112.992	113.1648	113.6157	2.0409591198
125.5603	120.174	113.6854	131.5502	123.1736	117.0576	121.8578	127.1724	116.5769	122.9791	118.5036	118.6368	123.9994	125.1074	112.3264	114.8617	112.1459	114.0482	116.8838	115.9489	116.7755	123.3217	113.0188	117.9574	113.5869	117.7545	109.5792	113.5596	114.2003	113.3472	114.3758	112.6399	112.7762	109.1855	118.3246	106.4688	113.9996	112.9794	113.284	113.4448	2.05470108986
125.6141	120.1053	113.7375	131.5502	123.5072	117.122	121.9058	126.9334	116.5769	123.0341	118.5036	118.4736	123.9994	125.1074	112.1377	114.9161	112.4672	113.8864	116.9342	116.062	116.7755	123.3771	113.0188	117.9574	113.5317	117.8077	109.6238	113.5154	114.0865	113.2355	114.488	112.5889	112.7762	109.0655	118.3715	106.5114	113.9996	112.9273	113.2316	113.4448	2.06770801544
125.7295	120.174	113.6854	131.5502	123.1736	117.17	121.789	127.2255	116.5218	122.8581	118.5036	118.4254	124.0494	125.0529	112.1377	115.0322	112.2363	113.9943	116.8145	115.9957	116.8924	123.3784	113.0188	117.9574	113.5317	117.8077	109.693	113.5596	113.9727	113.3472	114.6501	112.6399	112.82	109.0877	118.4471	106.4688	113.9996	112.9794	113.0077	113.6619	2.08224201202
125.3297	120.174	113.803	131.372	123.4022	117.0097	121.5074	127.345	116.5218	122.913	118.5036	118.4067	123.9994	125.1074	112.1377	114.9161	112.2363	114.167	116.7452	116.062	116.8924	123.4906	113.0188	117.8993	113.5317	117.7545	109.693	113.6317	114.0347	113.3957	114.488	112.42	112.6623	109.1366	118.3715	106.4688	113.9996	112.9794	113.1792	113.6092	2.09613513947
125.6757	120.174	113.8551	131.5502	123.2879	117.0576	121.5763	127.1724	116.5218	122.913	118.5036	118.5886	124.0494	125.1074	112.1377	115.0322	112.1911	114.0482	116.7642	115.9489	116.8924	123.3217	113.0188	117.9574	113.467	117.8694	109.6238	113.6317	114.2003	113.1722	114.3758	112.538	112.7762	108.9678	118.4941	106.6238	113.9996	112.9794	113.1648	113.5566	2.10978317261
125.445	120.0575	113.803	131.5502	123.1736	116.9452	121.5074	127.0395	116.5769	122.8581	118.5036	118.5218	124.0494	124.9901	112.1377	114.9705	112.1911	113.9943	116.8145	115.9489	116.9451	123.3217	113.0188	117.8993	113.5317	117.6927	109.7377	113.5596	114.0347	113.284	114.488	112.5889	112.7061	108.9455	118.4941	106.4262	113.9996	112.8752	113.3649	113.4448	2.12339615822
125.5603	120.0575	113.6854	131.4331	123.4022	117.0097	121.5074	127.0529	116.6363	122.8581	118.5036	118.4736	124.0494	125.1702	112.1377	114.8617	112.2363	114.0482	116.7642	115.9489	116.9978	123.5474	113.0703	117.9574	113.5317	117.7545	109.693	113.5596	114.1484	113.2355	114.488	112.4709	112.7762	109.1366	118.4184	106.6238	114.1152	112.9273	113.1125	113.4448	2.13750004768
125.5603	120.1053	113.8551	131.372	123.1736	117.0097	121.9265	127.0529	116.6913	122.9791	118.5036	118.5218	124.0494	125.1702	112.1377	114.9705	112.3065	113.9943	116.9846	116.062	116.9451	123.3217	113.0188	117.9574	113.5869	117.7545	109.7377	113.5596	114.0347	113.284	114.488	112.4709	112.82	109.0655	118.3715	106.4688	113.8841	113.0964	113.1648	113.4448	2.15103006363
125.5603	120.0575	113.9073	131.372	123.1736	117.0097	121.8578	127.0529	116.4624	122.8581	118.5036	118.5218	124.0494	124.9901	112.1932	114.9705	112.2363	113.9943	116.8145	115.9489	116.9451	123.4339	113.0188	118.1354	113.5317	117.9227	109.7377	113.5596	114.0865	113.284	114.4381	112.538	112.82	109.1855	118.3715	106.5812	113.9996	112.9794	113.284	113.5566	2.1648440361
125.5603	120.0575	113.6854	131.5502	123.2879	117.0576	121.6242	126.9865	116.5218	122.8581	118.5036	118.4736	124.0494	125.1074	112.0822	115.0867	112.2363	113.9943	116.8838	115.9489	116.8924	123.4906	113.0703	117.8993	113.5317	117.6927	109.693	113.6759	114.1484	113.3957	114.5379	112.6399	112.82	109.0655	118.3715	106.5812	113.9996	112.8752	113.1648	113.5566	2.17855596542
125.5603	120.0575	113.803	131.5502	123.1736	117.0576	121.741	127.1591	116.5769	122.9791	118.5036	118.4736	124.0494	124.9901	112.1377	114.8617	112.1209	114.059	116.8838	115.902	116.7755	123.3217	113.0703	117.9574	113.5317	117.9227	109.6483	113.5154	114.0347	113.284	114.6501	112.42	112.5484	109.1855	118.4941	106.5812	114.1152	112.9794	113.1648	113.6684	2.19246315956
125.5603	120.0575	113.9206	131.5502	123.2354	117.0576	121.4595	127.1724	116.5218	122.913	118.5036	118.4254	123.9994	124.9901	112.1932	114.9777	112.2363	114.0482	116.9342	115.9489	116.9451	123.4339	113.0188	117.8993	113.5317	117.8161	109.7377	113.6317	114.2003	113.3957	114.6501	112.4709	112.5484	109.1366	118.3715	106.5114	113.9996	112.9794	113.1125	113.5566	2.20625901222
125.6141	120.1053	113.6854	131.5502	123.1736	117.0576	121.789	127.1724	116.5769	122.8581	118.5036	118.5218	123.9994	125.0446	112.1932	114.9705	112.2612	113.9943	116.7642	115.9489	116.9451	123.4339	113.0188	118.1936	113.5317	117.7545	109.6483	113.6317	114.0347	113.284	114.488	112.5889	112.8901	109.0655	118.3715	106.6238	113.9996	113.0316	113.1792	113.504	2.22006702423
125.445	120.0575	113.803	131.489	123.1736	117.0576	121.9058	127.2255	116.4624	122.8581	118.5036	118.5218	123.9994	124.9274	112.0155	115.0322	112.3065	114.0482	116.9846	115.9489	116.9451	123.4906	113.0188	117.9574	113.4118	117.7545	109.8068	113.399	114.0865	113.3472	114.5379	112.5889	112.8638	109.1855	118.4184	106.4688	113.9996	112.9273	113.1792	113.6684	2.23358201981
125.5603	120.174	113.8551	131.372	123.226	117.17	121.6721	127.2255	116.4624	123.089	118.5036	118.5218	123.9994	124.9274	112.1377	114.8617	112.4672	113.9403	116.7138	115.9957	116.8924	123.2095	113.0188	117.8393	113.5317	117.6395	109.7377	113.5596	113.9727	113.3957	114.488	112.5889	112.6623	109.0655	118.4184	106.5812	114.1152	112.9273	113.1648	113.4448	2.2481880188
125.4988	120.0575	113.803	131.5502	123.1736	117.17	122.0226	126.9334	116.5218	122.913	118.5036	118.5218	124.0494	125.1074	112.1932	115.0322	112.1911	114.0482	116.8333	115.9957	116.9451	123.3217	113.0188	117.8993	113.5869	117.7545	109.5792	113.4432	113.9209	113.3957	114.488	112.6399	112.82	109.1855	118.3715	106.4688	113.9996	112.9794	113.1125	113.3922	2.2613530159
125.6141	120.0575	113.803	131.4331	123.1736	117.0097	121.741	127.2255	116.5769	123.0341	118.5036	118.5699	124.0494	125.0446	112.1932	114.9161	112.3517	113.8864	116.8649	115.9489	116.8282	123.4339	112.9564	117.9574	113.5869	117.8077	109.7377	113.6759	114.0347	113.4442	114.6002	112.42	112.7762	108.919	118.3715	106.5812	113.9996	112.9273	113.1648	113.5566	2.27491617203
125.5603	120.174	113.9728	131.5502	123.4022	117.0097	121.8578	127.3982	116.6913	122.8581	118.5036	118.5218	124.0494	125.1074	112.1932	114.9161	112.2363	113.8864	116.9342	115.9489	116.7755	123.4339	113.0188	118.1936	113.6515	117.7545	109.5792	113.5596	113.8692	113.1722	114.6501	112.538	112.9339	108.9455	118.3715	106.6238	114.1152	113.0964	113.1792	113.4448	2.28910517693
125.6141	120.0575	113.9728	131.489	123.1212	117.0576	121.5074	126.9865	116.4074	122.8581	118.5036	118.4067	123.9994	125.0529	112.1377	114.9161	112.1911	113.9403	116.8838	115.9489	116.7755	123.1529	113.0188	118.1936	113.5317	117.7012	109.7377	113.6759	114.0347	113.3472	114.3758	112.6399	112.82	109.1855	118.4184	106.4688	113.9996	112.9273	113.2316	113.7802	2.30262708664
125.3834	120.174	113.8551	131.5502	123.2879	117.0576	121.741	126.9334	116.5769	122.8581	118.5036	118.5218	124.0494	124.9274	112.2599	114.8617	112.2363	113.9943	116.8838	116.062	116.8282	123.3229	113.0188	118.1354	113.4118	117.8694	109.693	113.5154	114.0865	113.3324	114.5379	112.538	112.82	109.2344	118.3715	106.5812	113.929	112.9273	113.1125	113.4974	2.31660318375
125.6141	120.1053	113.8551	131.372	123.226	117.0576	121.789	127.2255	116.6913	122.8581	118.5036	118.5218	124.0494	124.9274	112.1932	114.8617	112.3065	113.9943	116.8145	115.9489	116.9451	123.4339	113.0703	118.1936	113.4118	117.7545	109.5792	113.5154	114.2003	113.0753	114.4381	112.6399	113.004	109.1366	118.3715	106.4688	113.8841	112.9273	113.284	113.5566	2.33051109314
125.5603	120.2219	113.6854	131.489	123.2879	116.9617	121.789	126.9334	116.4624	122.9791	118.5036	118.5218	124.0494	124.9274	112.1932	114.9161	112.1911	113.9943	116.8838	115.9489	116.8924	123.4906	113.0703	117.9574	113.4118	117.8077	109.8068	113.6317	113.9727	113.2355	114.326	112.42	112.8901	109.1855	118.3715	106.4688	114.1152	113.0442	113.4032	113.6684	2.34409117699
125.6141	120.1053	113.8551	131.372	123.2879	117.0097	121.9058	127.106	116.6363	122.8581	118.5036	118.4067	123.9994	124.9274	112.1377	114.9161	112.3065	114.113	116.6446	116.062	116.9451	123.4339	112.905	118.1354	113.5317	117.8077	109.693	113.5596	113.8692	113.3472	114.3758	112.538	112.7324	109.0877	118.4184	106.4688	113.929	112.8752	113.1648	113.3922	2.35798716545
125.445	120.0575	113.8551	131.5502	123.2879	117.0097	121.741	127.106	116.4668	122.7371	118.5036	118.3586	124.0494	124.9274	112.382	114.8617	112.2363	114.0482	116.7642	115.9489	116.9451	123.4906	113.0188	118.0772	113.5317	117.8077	109.693	113.5596	114.0865	113.284	114.5379	112.6399	112.82	109.1855	118.3715	106.4688	114.0701	112.9794	113.284	113.5566	2.37163615227
125.6141	120.2219	113.803	131.489	123.4547	117.0097	121.9058	127.2255	116.5174	122.8581	118.5036	118.5218	124.1682	125.0446	112.1932	115.0322	112.2363	114.167	116.9342	115.9489	116.8282	123.4339	113.0188	117.8993	113.5317	117.976	109.7377	113.5154	114.0865	113.3324	114.488	112.4709	112.7762	109.1855	118.3715	106.4688	114.1152	112.9794	113.3508	113.5566	2.38539409637
125.5603	120.174	113.8551	131.489	123.1736	117.0097	121.6242	127.345	116.5769	123.0341	118.5036	118.4736	123.9994	125.1074	112.1377	114.9161	112.1911	113.9943	116.9342	115.9957	116.9451	123.3217	113.0703	117.9574	113.5869	117.6395	109.7377	113.5154	114.1484	113.3957	114.4257	112.5889	112.8901	109.1855	118.3246	106.4688	113.9996	112.9794	113.2316	113.4448	2.39989113808
125.5603	120.174	113.6854	131.372	123.4022	117.17	121.6721	126.9865	116.4624	122.8581	118.5036	118.4736	123.9994	125.0446	112.1377	115.0867	112.1911	113.9943	116.8838	115.9489	116.9451	123.3784	113.0188	118.1936	113.6515	117.9227	109.6483	113.5596	114.0347	113.3957	114.3758	112.538	112.82	109.0167	118.4941	106.4262	113.8841	112.9794	113.4032	113.6157	2.41315102577
125.6141	120.0575	113.8551	131.5502	123.4022	117.0576	121.6721	127.2918	116.5218	122.8581	118.5036	118.4736	124.1682	125.233	112.1377	114.9777	112.2363	114.0482	116.8838	115.9489	116.9451	123.4339	113.0188	117.9574	113.5317	117.8077	109.693	113.5596	113.8072	113.3472	114.488	112.42	112.82	109.1366	118.3715	106.4688	114.1152	113.0316	113.1792	113.4974	2.42673897743
125.6141	120.174	113.803	131.372	123.226	117.0097	121.5553	127.2918	116.5769	122.8581	118.4527	118.3586	124.0494	124.9901	112.1377	114.9161	112.2363	114.167	116.9846	116.062	116.9451	123.3771	113.1326	117.9574	113.5317	117.7545	109.7377	113.5596	114.0865	113.187	114.4381	112.5889	112.82	109.0655	118.3715	106.4688	113.9996	113.1611	113.1125	113.6684	2.44073200226
125.6679	120.0575	113.6854	131.6113	123.3403	117.0097	121.6242	127.106	116.5769	122.913	118.5036	118.6368	124.0494	124.9901	112.0822	114.9161	112.2363	113.9943	116.8145	115.9957	116.8924	123.1529	113.0188	117.9574	113.5317	117.976	109.693	113.5596	114.0865	113.284	114.4257	112.42	112.82	109.0655	118.3246	106.5114	113.9996	112.8752	113.1125	113.6092	2.45426797867
125.3297	120.0575	113.7375	131.489	123.2354	117.122	121.6721	127.1724	116.5218	122.8581	118.5036	118.5218	124.0494	125.1618	112.2043	114.8617	112.1911	113.9403	116.8838	115.902	116.8924	123.3771	113.0188	117.9574	113.5317	117.8694	109.693	113.5596	114.2003	113.284	114.4257	112.42	112.9778	109.0655	118.4941	106.4688	113.8391	113.0442	113.3508	113.4974	2.46852612495
125.5603	120.174	113.7896	131.4331	123.3928	117.0576	121.8098	127.0529	116.6363	122.8581	118.5036	118.5699	124.0494	125.2875	112.1377	115.0322	112.1911	113.9943	116.8838	115.9489	116.8924	123.3217	113.0188	117.9574	113.5869	117.6395	109.693	113.5154	114.2003	113.2355	114.326	112.6399	112.8638	109.1366	118.3715	106.5812	113.9996	112.9273	113.2316	113.7802	2.48193597794
125.6757	120.174	113.9728	131.489	123.4022	117.0576	121.8578	127.0395	116.5218	122.8581	118.6188	118.4736	124.0494	124.9901	112.1932	114.8617	112.2363	114.113	116.9342	115.9489	116.7755	123.3784	113.0703	117.9574	113.5317	117.8161	109.7377	113.6317	114.0347	113.3472	114.3758	112.5889	112.8901	109.1366	118.3715	106.5812	113.9996	112.9794	113.1125	113.4448	2.49608016014
125.3297	120.0575	113.7375	131.316	123.2879	117.0097	121.8578	127.345	116.6913	122.9791	118.5036	118.6368	124.1682	124.9901	112.1377	114.9777	112.2363	113.9943	116.7642	115.9489	116.9451	123.3784	113.0188	117.9574	113.5317	117.7545	109.5792	113.5596	114.0865	113.3324	114.488	112.538	113.0479	109.1855	118.3715	106.5812	113.8841	112.8752	113.2316	113.5566	2.51021003723
125.6141	120.174	113.6854	131.4331	123.4022	117.0097	121.8578	127.2918	116.6363	122.913	118.5036	118.5699	124.0494	125.0529	112.1932	114.9705	112.1911	113.9403	116.8333	115.9489	116.7755	123.4339	113.0188	117.9574	113.5317	117.6395	109.7377	113.5596	114.1484	113.3472	114.6002	112.538	112.7762	109.0877	118.3715	106.5812	113.9996	112.9273	113.2316	113.7802	2.52355504036
125.7295	120.0575	113.9073	131.372	123.2879	117.0576	121.789	127.2255	116.6363	122.8581	118.5036	118.4736	124.0494	125.0446	112.1932	114.9161	112.2363	113.9943	116.8145	115.9489	116.9451	123.4906	113.0188	117.8993	113.5317	117.8077	109.7377	113.5596	114.0347	113.1238	114.488	112.4038	112.7762	109.1855	118.3715	106.4688	114.1152	112.8752	113.3508	113.4448	2.53784918785
125.5603	120.2219	113.7375	131.489	123.3497	117.0097	121.9746	127.0395	116.5769	122.8581	118.5545	118.5218	124.0494	125.1702	112.1377	114.9777	112.1911	113.9403	116.8649	116.062	116.9451	123.2095	113.0188	117.9574	113.5317	117.8694	109.5792	113.5154	114.0347	113.284	114.3758	112.6399	112.7762	109.1855	118.3715	106.5812	113.8391	112.9273	113.0601	113.3922	2.55131602287
125.3834	120.174	113.803	131.372	123.1736	117.1055	121.8578	126.9865	116.6913	122.913	118.5036	118.6368	124.0494	125.1074	112.1377	115.0322	112.2363	113.9943	116.9342	115.9489	116.8924	123.4339	113.0188	117.8993	113.5317	117.9227	109.6238	113.6317	114.2003	113.284	114.488	112.5889	112.7762	109.1366	118.4941	106.5812	114.1152	112.9794	113.2316	113.7802	2.56473398209
125.445	120.174	113.6854	131.255	123.3403	117.0576	121.8578	127.0529	116.5769	122.8581	118.5036	118.5886	123.9994	125.3419	112.1932	114.9777	112.3065	114.113	116.8838	115.9489	116.9451	123.3784	112.9673	117.9574	113.5317	117.9227	109.693	113.5154	113.9209	113.3472	114.4381	112.4709	112.82	109.1366	118.3715	106.4688	114.1152	112.9273	113.1792	113.6092	2.57898712158
125.6141	120.0575	113.9206	131.316	123.2784	117.0097	121.6721	126.9865	116.5218	122.9791	118.5036	118.6368	124.0494	124.9274	112.071	114.9777	112.1911	114.113	116.7642	115.9489	116.7229	123.4339	113.0188	118.1936	113.5317	117.8694	109.693	113.5596	114.0865	113.2355	114.326	112.5889	112.9339	109.0167	118.4941	106.5114	113.9996	112.9273	113.2316	113.5566	2.59273815155
125.6141	120.174	113.9206	131.372	123.1736	117.17	121.9058	127.2255	116.6913	122.9679	118.5036	118.7035	123.9994	125.1618	112.071	114.9161	112.3517	113.9943	116.6949	116.1752	116.9451	123.3771	113.0188	118.1936	113.5317	117.7545	109.7377	113.5154	114.1484	113.2355	114.488	112.5219	112.7762	109.0167	118.3715	106.4688	114.0447	112.9794	113.284	113.6157	2.60598111153
125.5603	120.0096	113.803	131.5502	123.2784	117.0576	121.8098	127.106	116.5218	122.913	118.5036	118.5699	124.1182	125.3419	112.071	114.8617	112.1911	114.167	116.8838	116.062	116.8924	123.2095	113.0188	117.9574	113.5317	117.8077	109.693	113.5154	114.1484	113.3472	114.4381	112.4709	112.7762	109.1366	118.3715	106.4688	113.8841	113.1611	113.1125	113.6684	2.62020897865
125.6757	120.1053	113.803	131.489	123.1212	117.2659	121.741	127.2255	116.6913	122.9791	118.5036	118.685	123.9994	125.0989	112.1932	114.8617	112.3517	114.0482	116.9342	115.9489	116.8924	123.4906	113.0703	117.9574	113.5317	117.6927	109.7377	113.5154	113.8589	113.3472	114.488	112.4709	112.9339	109.1366	118.4471	106.5812	114.1152	113.0442	113.1648	113.4448	2.6340200901
125.6757	120.0575	113.9728	131.4331	123.4022	117.0576	121.9058	127.0529	116.5769	122.8581	118.5036	118.5886	123.9494	124.9274	112.1377	114.9161	112.2363	113.9943	116.8838	115.9489	116.7755	123.3217	112.9673	118.1354	113.5317	117.8077	109.8516	113.5596	114.0347	113.3957	114.4381	112.42	112.7324	109.0655	118.4184	106.5385	114.1152	112.8752	113.3508	113.504	2.64729905128
125.4988	120.174	113.8551	131.5502	123.2879	117.17	121.6721	126.9334	116.6913	122.9791	118.5036	118.4067	124.0494	125.0446	112.1932	115.0322	112.4672	113.9943	116.8838	115.9489	116.8924	123.4339	113.0188	117.8993	113.5317	117.7012	109.693	113.5596	114.0865	113.2355	114.4755	112.5889	112.82	109.1366	118.3715	106.4688	113.9996	112.9794	113.0601	113.4974	2.66102814674
125.5065	120.0575	113.9073	131.5502	123.3928	117.0576	121.9746	127.106	116.5218	122.8581	118.5036	118.4736	124.0494	124.9901	112.1377	114.8617	112.1911	114.005	116.8838	115.9957	116.9451	123.3217	113.0703	117.8993	113.5869	117.8694	109.5792	113.5596	114.0865	113.4442	114.6501	112.5889	112.9339	109.1366	118.4184	106.4688	113.9996	112.8752	113.1125	113.5566	2.67479610443
125.445	120.0575	113.9728	131.5502	123.1736	117.0576	121.9746	126.9334	116.6913	122.9791	118.5036	118.5699	124.0494	124.9901	112.0822	114.9161	112.2363	114.0482	116.9342	115.9489	116.8282	123.4339	113.0188	117.8993	113.6515	117.8694	109.6483	113.5154	114.1484	113.2206	114.5502	112.5889	112.9339	109.0655	118.3715	106.6238	114.1152	112.9794	113.284	113.6684	2.68856906891
125.5603	120.174	113.6854	131.5502	123.3403	117.17	121.6242	127.0529	116.5218	122.9791	118.5036	118.5218	123.9994	125.1074	112.1377	114.9777	112.1911	113.9943	116.9342	115.9489	116.7755	123.4906	113.0188	117.9574	113.5869	117.7545	109.7377	113.6317	113.9209	113.3957	114.4381	112.5889	112.8901	109.1855	118.4941	106.5812	113.8841	113.0442	113.1125	113.4974	2.70320916176
125.5603	120.1053	114.0382	131.5502	123.226	117.0576	121.9058	127.106	116.6363	122.8581	118.5036	118.7518	123.9994	125.1702	112.0155	114.9705	112.1459	113.9943	116.9342	115.9489	116.8924	123.4906	113.0188	117.9574	113.6515	117.7545	109.5792	113.6317	114.2003	113.3324	114.488	112.5889	112.82	109.1366	118.541	106.5812	114.1152	112.9794	113.1125	113.7802	2.71646904945
125.5603	120.0096	113.8551	131.4331	123.1736	117.0576	121.8578	127.2255	116.6319	122.9242	118.5036	118.4736	124.0494	125.1074	112.3155	114.9161	112.4219	114.0482	116.7642	115.9957	116.8924	123.3217	113.0188	117.8993	113.5317	117.6395	109.8516	113.5596	114.1484	113.3472	114.4381	112.538	112.8638	109.1855	118.3715	106.6238	113.9996	112.9273	113.1125	113.5566	2.72999000549
125.7295	120.0575	113.8551	131.4331	123.1736	117.0097	121.6242	126.9334	116.6913	122.8581	118.5036	118.4736	123.9994	125.1702	112.1377	114.9705	112.4672	113.9943	116.9342	115.902	116.7755	123.4906	113.0188	117.9574	113.5317	117.8694	109.6238	113.6759	114.0865	113.2355	114.6002	112.538	112.82	109.1855	118.541	106.4688	113.9996	112.9794	113.284	113.5566	2.7436439991
125.5603	120.1053	113.803	131.489	123.1736	117.1055	121.8098	126.8804	116.5769	122.8581	118.5036	118.5218	124.0494	125.0446	112.1932	114.9777	112.3065	114.0482	116.8838	116.062	116.7755	123.3217	113.1326	118.0155	113.5317	117.7545	109.8068	113.5596	114.0347	113.3472	114.488	112.5889	113.0479	109.1366	118.3715	106.4688	113.9996	113.0442	113.1792	113.4448	2.75758004189
